71005
71006
71009
71012
71015
71018
71027
71033
71036
71040
71043
71044
71045
71050
71066
71071
71074
71081
71140
71180
71182
71183
71185
71186
71191
71210
71211
71212
71220
71223
71230
71243
71244
71247
71249
71253
71261
71262
71265
71271
71272
71273
71275
71281
71285
71295
71305
71311
71312
71313
71314
71315
71320
71325
71330
71331
71340
71343
71350
71400
71401
71402
71410
71420
71425
71430
71440
71445
71450
71455
71460
71465
71470
72000
72007
72014
72021
72028
72035
72040
72045
72050
72060
72070
72075
72080
72084
72085
72094
72100
72101
72103
72105
72107
72109
72110
72120
72131
72142
72143
72150
72161
72171
72173
72181
72186
72187
72190
72201
72203
72204
72211
72221
72223
72231
72234
72236
73000
73002
73004
73006
73008
73010
73012
73014
73016
73018
73020
73022
73024
73030
73032
73034
73041
73072
73081
73082
73130
73141
73191
73201
73261
73271
73291
73451
73461
73470
73471
73481
73552
73570
73580
73581
73590
73601
73610
73620
73631
73640
73650
73653
73701
73760
74000
74002
74003
74004
74005
74006
74007
74008
74009
74012
74015
74018
74021
74024
74027
74030
74041
74051
74053
74054
74181
74182
74184
74190
74200
74205
74220
74230
74265
74270
74281
74285
74289
74290
74295
74296
74410
74420
74440
74460
74465
74475
74480
74485
74510
74515
74520
74527
74530
74535
74545
74550
74560
74561
74582
74583
74595
75025
75035
75051
75177
75191
75193
75220
76015
76020
76030
76040
76041
76050
76054
76056
76060
76061
76070
76071
76080
76083
76090
76100
76110
76120
76121
76130
76140
76142
76143
76144
76146
76147
76150
76151
76160
76161
76162
76170
76171
76180
76181
76201
76211