41000
41060
42034
42036
42038
42040
42046
42050
42052
42141
42160
42301
42560
42580
42600
42620
42640
42660
42740
42742
42760
42765
43015
43030
43040
43041
43058
43060
43062
43063
43064
43079
43080
43081
43082
43083
43084
43100
43101
43102
43104
43105
43107
43120
43121
43122
43123
43124
43125
43141
43142
43144
43145
43148
43161
43162
43164
43167
43184
43186
43202
43204
43206
43220
43221
43225
43240
43242
43245
43247
43249
43252
43260
43262
43263
43264
43265
43266
43281
43283
43284
43285
43287
43300
43303
43304
43320
43321
43324
43340
43341
43342
43345
43356
43360
43362
43363
43365
43370
43371
43374
43375
43376
43377
43378
43379
43382
43385
44000
44001
44015
44030
44036
44037
44038
44040
44041
44043
44044
44045
44046
44047
44050
44051
44053
44057
44058
44061
44062
44063
44064
44065
44066
44067
44068
44069
44070
44071
44072
44073
44075
44076
44081
44082
44083
44084
44085
44100
44105
44120
44140
44160
44161
44162
44163
44164
44165
44178
44179
44180
44183
44184
44186
44187
44192
44193
44200
44203
44204
44205
44206
44207
44220
44223
44224
44240
44243
44260
44280
44281
44282
44283
44284
44285
44286
44310
44313
44319
44320
44321
44340
44341
44342
44360
44365
44366
44367
44400
44410
44420
44430
44461
44462
44463
44465
44481