21005
21008
21011
21014
21017
21020
21021
21023
21026
21033
21036
21100
21120
21121
21122
21125
21140
21141
21160
21161
21180
21182
21200
21301
21338
21342
21384
21401
21441
21478
21482
21483
21489
21490
21500
21510
21520
21521
21524
21525
21529
21530
21540
21542
21543
21544
21546
21547
21550
21560
21561
21562
21563
21580
21581
21582
21583
21584
21601
21602
21603
21604
21605
21621
21641
21661
22000
22004
22008
22012
22032
22036
22040
22050
22051
22052
22054
22055
22080
22082
22083
22084
22087
22090
22100
22101
22102
22103
22109
22111
22112
22113
22114
22115
22117
22120
22121
22124
22125
22126
22130
22138
22140
22142
22143
22160
22170
22172
22173
22180
22181
22182
22183
22190
22205
22221
22222
22225
22250
22259
22261
22262
22263
22264
22275
22281
22282
22285
22286
22290
22293
22294
22295
22305
22311
22312
22313
22314
22335
22341
22342
22345
22346
22352
22360
22370
22371
22395
22404
22405
22410
22412
22415
22418
22420
22425
22430
22433
22434
22436
22437
22440
22471
22481
22492
22521
22523
22524
22526
22528
22529
22531
22532
22533
22541
22542
22543
22544
22545
22547
22549
22551
23000
23010
23020
23023
23030
23051
23071
23101
23115
23121
23122
23123
23125
23131
23141
23142
23145
23150
23151
23152
23153
23158
23159
24000
24004
24008
24012
24016
24020
24024
24028
24050
24051
24052
24053
24055
24057
24058
24060
24080
24100
24101
24102
24103
24110
24120
24121
24122
24123
24130
24131
24132
24133
24140
24141
24142
24149
24150
24151
24152
24153
24154
24155
24156
24159
24160
24161
24162
24164
24170
24180
24190
24191
24192
24200
24201
24202
24203
24210
24211
24215
24220
24221
24222
24223
24224
24230
24231
24233
24234
24235
24240
24250
24251
24252
24260
24263
24270
24271
24274
24290
24291
24292
24293
24294
24311
24312
24319
24320
24321
24322
24340
24350
24355
24360
24370
24375
24376
24380
24381
24382
24385
24388
24390
24400
24402
24404
24408
24410
24414
24423
24430
24431
24433
24434
24435
24441
24444
24450
24452
24453
24454
24455
24460
24461
24462
24463
24464
24465
24468
24469
24470
24471
24480
24481
24482
24483
24484
24485
24486
24490
24491
24500
24501
24502
24503
24504
24508
24509
24510
24511
24512
24513
24517
24521
24531
24551
25001
25018
25400
25480
25481
25482
25483
25484
25485
25487
25521
25524
25525
25526
25527
25528
25550
25561
25563
25564
25565
25566
25567
25570
25575
25600
25601
25607
25608
25609
25610
25611
25613
25700
25710
25720
25723
25724
25800
25803
25841
25842
25845
25847
25848
25849
26001
26030
26042
26050
26060
26063
26065
26066
26068
26070
26081
26083
26100
26122
26124
26125
26127
26128
26129
26130
26140
26141
26142
26143
26145
26146
26147
26148
26150
26181
26182
26184
26186
26187
26188
26190
26203
26206
26207
26210
26218
26219
26220
26224
26229
26237
26240
26244
26245
26247
26250
26255
26256
26257
26259
26260
26261
26262
26263
26267
26280
26281
26284
26286
26288
26295
26300
26304
26306
26307
26308
26309
26312
26316
26320
26321
26323
26324
26328
26340
26341
26342
26343
26344
26345
27005
27040
27041
27042
27044
27060
27061
27062
27080
27081
27082
27083
27084
27087
27100
27102
27104
27120
27122
27130
27141
27142
27146
27160
27161
27163
27180
27183
27184
27186
27201
27202
27206
27207
27211
27222
27241
27243
28004
28006
28041
28042
28049
28050
28051
28052
28053
28054
28082
28103
28104
28110
28120
28125
28130
28140
28142
28143
28144
28150
28151
28153
28154
28161
28162
28164
28165
28167
28170
28171
28190
28196
28197
28201
28202
28210
28220
28221
28223
28260
28261
28263
28264
28281
28282
28300
28310
28320
28321
28323
28325
28330
29002
29005
29008
29012
29015
29018
29022
29025
29030
29040
29101
29104
29105
29106
29107
29121
29122
29123
29124
29125
29126
29127
29128
29141
29142
29180
29200
29281
29282
29321
29322
29323
29324
29325
29720
29741
29781