51002
51007
51013
51017
51022
51027
51032
51037
51041
51061
51062
51064
51081
51082
51100
51103
51104
51109
51120
51142
51144
51145
51146
51150
51154
51155
51158
51160
51163
51164
51168
51180
51181
51200
51220
51222
51223
51224
51225
51240
51260
51261
51263
51280
51300
51320
51341
51342
51343
51344
51380
51400
51420
51440
51460
51461
51480
51481
51500
51520
51540
51559
51560
51561
51562
51580
51600
51620
51637
51640
51644
51660
51663
52031
52039
52040
52042
52043
52045
52046
52047
52054
52055
52060
52061
52062
52066
52069
52080
52081
52082
52083
52084
52085
52086
52088
52092
52117
52118
52119
52120
52121
52124
52125
52140
52141
52142
52143
52160
52161
52164
52165
52170
52172
52180
52183
52184
52186
52200
52202
52220
52221
52223
52240
52243
52262
52263
52281
52282
53011
53031
53058
53060
53061
53062
53063
53064
53065
53066
53081
53082
53083
53084
53085
53086
53087
53088
53089
53090
53091
53093
53100
53106
53108
53110
53120
53122
53123
53125
53130
53133
53135
53141
53147
53160
53161
53162
53164
53166
53180
53181
53182
53183
53184
53200
53201
53202
53203
53204
53205
53212
53220
53223
53226
53242
53244
53262
53263
53264
53265
53266
53268
53269
53279
53281
53282
53283
53284
53285
53287
53290
53301
53302
53303
53306
53311
53322
54040
54041
54043
54060
54062
54063
54064
54083
54085
54089
54090
54091
54095
54105
54115
54120
54125
54131
54140
54141
54151
54161
54162
54165
54166
54167
54168
54169
54180
54181
54195
54200
54201
54220
54222
54223
54224
54225
54226
54230
54266
54267
54279
54280
54281
54282
54283
54284
54285
54286
54287
54288
54289
54300
54301
54302
54303
54314
54318
54320
54322
54324
54327
54329
54330
54332
54333
54334
54335
54338
54340
54341
54343
54344
54346
54347
54349
54350
54351
54352
54359
54360
54361
54362
54363
54364
54365
54366
54367
54368
54369
54372
54380
54382
54386
54387
54389
54400
54402
54403
54404
54406
54407
54408
54409
54412
54413
54416
54417
54418
54419
54421
54422
54423
54424
54425
54430
54440
54441
54462
54463
54464
54480
54481
55001
55040
55041
55042
55043
55044
55045
55046
55047
55048
55049
55061
55063
55064
55084
55085
55100
55101
55102
55104
55105
55110
55120
55127
55129
55130
55131
55135
55138
55139
55140
55141
55150
55160
55161
55170
55175
55180
55190
55200
55205
56011
56031
56041
56042
56043
56044
56045
56048
56060
56063
56064
56065
56067
56081
56100
56101
56102
56103
56104
56105
56120
56141
56160
56180
56182
56190
56191
56192
56195
56200
56220
56221
56222
57000
57006
57014
57022
57029
57035
57040
57060
57061
57062
57063
57065
57080
57081
57082
57100
57101
57102
57103
57120
57121
57140
57141
57143
57160
57162
57165
57169
57170
57180
57181
57182
57183
57200
57201
57220
57240
57242
57243
57245
57246
57260
57261
57262
57280
57282
57300
57320
57340
57380
57400
57420
57440
57460
57471
57472
57480
57485
57486
57487