10
11
12
13
14
17
20
21
22
24
27
51
52
53
56
62
63
70
71
72
73
74
80
90
100
101
102
103
104
105
106
107
108
109
110
111
112
113
120
121
124
125
126
145
200
201
202
203
204
211
301
302
310
400
401
502
503
505
506
508
509
510
511
520
521
522
523
524
525
526
532
550
600
601
602
604
605
606
607
608
609
621
622
623
632
700
701
702
703
704
705
706
707
708
709
800
803
804
5104
11004
11461
14003
14018
14061
14202
14207
14380
14873
15163
16220
17003
17005
17421
18000
18419
18722
18723
18766
19008
21005
21008
21011
21014
21017
21020
21021
21023
21026
21033
21036
21100
21120
21121
21122
21125
21140
21141
21160
21161
21180
21182
21200
21301
21338
21342
21384
21401
21441
21478
21482
21483
21489
21490
21500
21510
21520
21521
21524
21525
21529
21530
21540
21542
21543
21544
21546
21547
21550
21560
21561
21562
21563
21580
21581
21582
21583
21584
21601
21602
21603
21604
21605
21621
21641
21661
22000
22004
22008
22012
22032
22036
22040
22050
22051
22052
22054
22055
22080
22082
22083
22084
22087
22090
22100
22101
22102
22103
22109
22111
22112
22113
22114
22115
22117
22120
22121
22124
22125
22126
22130
22138
22140
22142
22143
22160
22170
22172
22173
22180
22181
22182
22183
22190
22205
22221
22222
22225
22250
22259
22261
22262
22263
22264
22275
22281
22282
22285
22286
22290
22293
22294
22295
22305
22311
22312
22313
22314
22335
22341
22342
22345
22346
22352
22360
22370
22371
22395
22404
22405
22410
22412
22415
22418
22420
22425
22430
22433
22434
22436
22437
22440
22471
22481
22492
22521
22523
22524
22526
22528
22529
22531
22532
22533
22541
22542
22543
22544
22545
22547
22549
22551
23000
23010
23020
23023
23030
23051
23071
23101
23115
23121
23122
23123
23125
23131
23141
23142
23145
23150
23151
23152
23153
23158
23159
24000
24004
24008
24012
24016
24020
24024
24028
24050
24051
24052
24053
24055
24057
24058
24060
24080
24100
24101
24102
24103
24110
24120
24121
24122
24123
24130
24131
24132
24133
24140
24141
24142
24149
24150
24151
24152
24153
24154
24155
24156
24159
24160
24161
24162
24164
24170
24180
24190
24191
24192
24200
24201
24202
24203
24210
24211
24215
24220
24221
24222
24223
24224
24230
24231
24233
24234
24235
24240
24250
24251
24252
24260
24263
24270
24271
24274
24290
24291
24292
24293
24294
24311
24312
24319
24320
24321
24322
24340
24350
24355
24360
24370
24375
24376
24380
24381
24382
24385
24388
24390
24400
24402
24404
24408
24410
24414
24423
24430
24431
24433
24434
24435
24441
24444
24450
24452
24453
24454
24455
24460
24461
24462
24463
24464
24465
24468
24469
24470
24471
24480
24481
24482
24483
24484
24485
24486
24490
24491
24500
24501
24502
24503
24504
24508
24509
24510
24511
24512
24513
24517
24521
24531
24551
25001
25018
25400
25480
25481
25482
25483
25484
25485
25487
25521
25524
25525
25526
25527
25528
25550
25561
25563
25564
25565
25566
25567
25570
25575
25600
25601
25607
25608
25609
25610
25611
25613
25700
25710
25720
25723
25724
25800
25803
25841
25842
25845
25847
25848
25849
26001
26030
26042
26050
26060
26063
26065
26066
26068
26070
26081
26083
26100
26122
26124
26125
26127
26128
26129
26130
26140
26141
26142
26143
26145
26146
26147
26148
26150
26181
26182
26184
26186
26187
26188
26190
26203
26206
26207
26210
26218
26219
26220
26224
26229
26237
26240
26244
26245
26247
26250
26255
26256
26257
26259
26260
26261
26262
26263
26267
26280
26281
26284
26286
26288
26295
26300
26304
26306
26307
26308
26309
26312
26316
26320
26321
26323
26324
26328
26340
26341
26342
26343
26344
26345
27005
27040
27041
27042
27044
27060
27061
27062
27080
27081
27082
27083
27084
27087
27100
27102
27104
27120
27122
27130
27141
27142
27146
27160
27161
27163
27180
27183
27184
27186
27201
27202
27206
27207
27211
27222
27241
27243
28004
28006
28041
28042
28049
28050
28051
28052
28053
28054
28082
28103
28104
28110
28120
28125
28130
28140
28142
28143
28144
28150
28151
28153
28154
28161
28162
28164
28165
28167
28170
28171
28190
28196
28197
28201
28202
28210
28220
28221
28223
28260
28261
28263
28264
28281
28282
28300
28310
28320
28321
28323
28325
28330
29002
29005
29008
29012
29015
29018
29022
29025
29030
29040
29101
29104
29105
29106
29107
29121
29122
29123
29124
29125
29126
29127
29128
29141
29142
29180
29200
29281
29282
29321
29322
29323
29324
29325
29720
29741
29781
35000
35008
35180
36005
37000
37005
37010
37025
37032
37033
37034
37090
37103
37110
37112
37120
37121
37123
37125
37126
37127
37129
37140
37165
37166
37200
37205
37221
37222
37224
37228
37229
37230
37231
37234
37235
37236
37238
37242
37243
37244
37246
37248
37259
37264
37281
37320
37326
37328
37330
37342
37343
37344
37367
37380
37400
37401
37403
37421
37423
37441
37443
37445
37461
37481
37505
37506
38010
38030
38032
38040
38041
38060
38080
38100
38102
38120
38140
38160
38180
38181
38200
38220
38240
38260
38265
38266
38270
38280
38300
38320
38340
38341
38342
38343
38360
38380
38400
38420
38440
38460
38480
38500
38501
38502
38505
38506
38520
38521
38540
38541
38546
38560
38580
38582
38583
38585
38588
38603
38606
38607
38610
38630
38650
38670
38681
38682
38683
38690
41000
41060
42034
42036
42038
42040
42046
42050
42052
42141
42160
42301
42560
42580
42600
42620
42640
42660
42740
42742
42760
42765
43015
43030
43040
43041
43058
43060
43062
43063
43064
43079
43080
43081
43082
43083
43084
43100
43101
43102
43104
43105
43107
43120
43121
43122
43123
43124
43125
43141
43142
43144
43145
43148
43161
43162
43164
43167
43184
43186
43202
43204
43206
43220
43221
43225
43240
43242
43245
43247
43249
43252
43260
43262
43263
43264
43265
43266
43281
43283
43284
43285
43287
43300
43303
43304
43320
43321
43324
43340
43341
43342
43345
43356
43360
43362
43363
43365
43370
43371
43374
43375
43376
43377
43378
43379
43382
43385
44000
44001
44015
44030
44036
44037
44038
44040
44041
44043
44044
44045
44046
44047
44050
44051
44053
44057
44058
44061
44062
44063
44064
44065
44066
44067
44068
44069
44070
44071
44072
44073
44075
44076
44081
44082
44083
44084
44085
44100
44105
44120
44140
44160
44161
44162
44163
44164
44165
44178
44179
44180
44183
44184
44186
44187
44192
44193
44200
44203
44204
44205
44206
44207
44220
44223
44224
44240
44243
44260
44280
44281
44282
44283
44284
44285
44286
44310
44313
44319
44320
44321
44340
44341
44342
44360
44365
44366
44367
44400
44410
44420
44430
44461
44462
44463
44465
44481
51002
51007
51013
51017
51022
51027
51032
51037
51041
51061
51062
51064
51081
51082
51100
51103
51104
51109
51120
51142
51144
51145
51146
51150
51154
51155
51158
51160
51163
51164
51168
51180
51181
51200
51220
51222
51223
51224
51225
51240
51260
51261
51263
51280
51300
51320
51341
51342
51343
51344
51380
51400
51420
51440
51460
51461
51480
51481
51500
51520
51540
51559
51560
51561
51562
51580
51600
51620
51637
51640
51644
51660
51663
52031
52039
52040
52042
52043
52045
52046
52047
52054
52055
52060
52061
52062
52066
52069
52080
52081
52082
52083
52084
52085
52086
52088
52092
52117
52118
52119
52120
52121
52124
52125
52140
52141
52142
52143
52160
52161
52164
52165
52170
52172
52180
52183
52184
52186
52200
52202
52220
52221
52223
52240
52243
52262
52263
52281
52282
53011
53031
53058
53060
53061
53062
53063
53064
53065
53066
53081
53082
53083
53084
53085
53086
53087
53088
53089
53090
53091
53093
53100
53106
53108
53110
53120
53122
53123
53125
53130
53133
53135
53141
53147
53160
53161
53162
53164
53166
53180
53181
53182
53183
53184
53200
53201
53202
53203
53204
53205
53212
53220
53223
53226
53242
53244
53262
53263
53264
53265
53266
53268
53269
53279
53281
53282
53283
53284
53285
53287
53290
53301
53302
53303
53306
53311
53322
54040
54041
54043
54060
54062
54063
54064
54083
54085
54089
54090
54091
54095
54105
54115
54120
54125
54131
54140
54141
54151
54161
54162
54165
54166
54167
54168
54169
54180
54181
54195
54200
54201
54220
54222
54223
54224
54225
54226
54230
54266
54267
54279
54280
54281
54282
54283
54284
54285
54286
54287
54288
54289
54300
54301
54302
54303
54314
54318
54320
54322
54324
54327
54329
54330
54332
54333
54334
54335
54338
54340
54341
54343
54344
54346
54347
54349
54350
54351
54352
54359
54360
54361
54362
54363
54364
54365
54366
54367
54368
54369
54372
54380
54382
54386
54387
54389
54400
54402
54403
54404
54406
54407
54408
54409
54412
54413
54416
54417
54418
54419
54421
54422
54423
54424
54425
54430
54440
54441
54462
54463
54464
54480
54481
55001
55040
55041
55042
55043
55044
55045
55046
55047
55048
55049
55061
55063
55064
55084
55085
55100
55101
55102
55104
55105
55110
55120
55127
55129
55130
55131
55135
55138
55139
55140
55141
55150
55160
55161
55170
55175
55180
55190
55200
55205
56011
56031
56041
56042
56043
56044
56045
56048
56060
56063
56064
56065
56067
56081
56100
56101
56102
56103
56104
56105
56120
56141
56160
56180
56182
56190
56191
56192
56195
56200
56220
56221
56222
57000
57006
57014
57022
57029
57035
57040
57060
57061
57062
57063
57065
57080
57081
57082
57100
57101
57102
57103
57120
57121
57140
57141
57143
57160
57162
57165
57169
57170
57180
57181
57182
57183
57200
57201
57220
57240
57242
57243
57245
57246
57260
57261
57262
57280
57282
57300
57320
57340
57380
57400
57420
57440
57460
57471
57472
57480
57485
57486
57487
61000
61003
61015
61018
61020
61021
61036
61040
61050
61060
61061
61070
61080
61090
61100
61110
61111
61120
61130
61140
61141
61142
61150
61160
61170
61171
61172
61180
61181
61182
61190
61191
61200
61203
61204
61210
61220
61230
61231
61240
61242
61250
61260
61270
61280
61300
61301
61310
61311
61312
61331
61400
61410
61420
61430
61433
61434
61440
61450
61460
61470
61472
61500
61510
61520
61522
61530
61538
61540
61541
61542
61550
61551
61560
61562
61581
61582
61591
61594
61601
61610
61611
61612
61650
62000
62001
62024
62028
62032
62040
62046
62050
62070
62080
62090
62091
62092
62093
62095
62097
62098
62100
62110
62111
62115
62120
62121
62130
62140
62142
62143
62144
62162
62170
62171
62172
62177
62188
62191
62193
62194
62195
62220
62222
62230
62241
62242
62250
62270
62271
62276
62285
62288
62290
62292
62295
62302
62306
62310
62312
62313
62314
62320
62330
62340
62342
62343
62344
62350
62353
62355
62360
62362
62364
62366
62377
62391
62392
62393
62394
62395
62396
62400
62401
62402
62403
62404
62405
62406
62407
62408
62409
62411
62412
62413
62414
62415
62416
62418
62419
62420
62428
62429
62431
62432
62433
62434
62437
62440
62441
62442
62444
62447
62448
62449
62451
62452
62455
62456
62457
62458
62459
62460
62462
62463
62480
62481
62490
62510
62515
62520
62530
62540
62550
62552
62560
62570
62572
62580
62584
62590
62592
62593
62594
62595
62596
63000
63005
63010
63015
63020
63040
63050
63053
63054
63055
63060
63062
63063
63065
63070
63080
63090
63091
63092
63100
63110
63111
63120
63121
63150
63160
63170
63180
63190
63200
63202
63205
63210
63220
63230
63232
63233
63234
63240
63250
63260
63268
63270
63280
63281
63290
63291
63310
63320
63321
63322
63323
63324
63330
63331
63337
63340
63341
63350
63351
63352
63353
63354
63361
63370
63380
63383
63390
63400
63410
63411
63412
63420
63422
63424
63430
63433
63440
71005
71006
71009
71012
71015
71018
71027
71033
71036
71040
71043
71044
71045
71050
71066
71071
71074
71081
71140
71180
71182
71183
71185
71186
71191
71210
71211
71212
71220
71223
71230
71243
71244
71247
71249
71253
71261
71262
71265
71271
71272
71273
71275
71281
71285
71295
71305
71311
71312
71313
71314
71315
71320
71325
71330
71331
71340
71343
71350
71400
71401
71402
71410
71420
71425
71430
71440
71445
71450
71455
71460
71465
71470
72000
72007
72014
72021
72028
72035
72040
72045
72050
72060
72070
72075
72080
72084
72085
72094
72100
72101
72103
72105
72107
72109
72110
72120
72131
72142
72143
72150
72161
72171
72173
72181
72186
72187
72190
72201
72203
72204
72211
72221
72223
72231
72234
72236
73000
73002
73004
73006
73008
73010
73012
73014
73016
73018
73020
73022
73024
73030
73032
73034
73041
73072
73081
73082
73130
73141
73191
73201
73261
73271
73291
73451
73461
73470
73471
73481
73552
73570
73580
73581
73590
73601
73610
73620
73631
73640
73650
73653
73701
73760
74000
74002
74003
74004
74005
74006
74007
74008
74009
74012
74015
74018
74021
74024
74027
74030
74041
74051
74053
74054
74181
74182
74184
74190
74200
74205
74220
74230
74265
74270
74281
74285
74289
74290
74295
74296
74410
74420
74440
74460
74465
74475
74480
74485
74510
74515
74520
74527
74530
74535
74545
74550
74560
74561
74582
74583
74595
75025
75035
75051
75177
75191
75193
75220
76015
76020
76030
76040
76041
76050
76054
76056
76060
76061
76070
76071
76080
76083
76090
76100
76110
76120
76121
76130
76140
76142
76143
76144
76146
76147
76150
76151
76160
76161
76162
76170
76171
76180
76181
76201
76211
81001
81002
81007
81012
81016
81019
81023
81030
81060
81127
81133
81141
81145
81148
81151
81155
81166
81187
81209
81237
81249
81251
81288
81303
81327
81329
81338
81345
81411
81427
81435
81453
81488
81511
81531
81540
81544
81557
81563
81565
81576
81587
81604
81612
81616
81626
81711
81715
81723
81729
81737
81771
81782
81791
81796
81809
81817
82005
82010
82015
82020
82025
82030
82050
82060
82071
82095
82105
82107
82192
82200
82210
82215
82244
82253
82304
82349
82356
82367
82374
82377
82384
82412
82540
82560
82564
82580
82646
82649
82683
82684
82690
82694
82697
83005
83010
83020
83021
83022
83023
83024
83034
83037
83039
83044
83052
83059
83094
83101
83103
83105
83130
83207
83218
83251
83252
83253
83254
83255
83385
83392
83397
83425
83473
83476
83495
83500
83555
83560
83563
83570
83572
83574
83580
83590
91004
91005
91008
91010
91020
91025
91030
91060
91080
91081
91096
91100
91120
91140
91160
91170
91175
91220
91240
91273
91280
91286
91289
91292
91294
91297
91300
91314
91330
91338
91380
91407
92006
92010
92020
92025
92030
92033
92040
92050
92060
92061
92070
92080
92100
92115
92130
92131
92140
92150
92153
92170
92190
92200
92210
92214
92216
92220
92230
92240
92242
92260
92270
92280
92290
92293
92302
92310
92320
92330
92356
92360
92370
92383
92390
92400
92410
92420
92430
92440
92450
92460
92490
92520
92529
92550
92560
93006
93010
93018
93020
93022
93025
93030
93032
93036
93042
93044
93046
93047
93048
93049??
93061
93101
93110
93117
93160
93220
93224
93240
93242
93243
93244
93245
93246
93247
93248
93249
93260
93261
93280
93300
93301
93320
93340
93342
93385
93404
93405
93442
93460
93469
93500
93503
93540
93560
93580
93600
93626
93629
93647
93650
93652
93680
93690
93698
93710
93720
93725
93726
93728
93730
93778
94004
94016
94028
94033
94040
94060
94061
94063
94067
94080
94082
94083
94084
94120
94123
94127
94160
94164
94165
94180
94203
94220
94260
94280
94290
94360
94363
94384
94420
94421
94423
94440
95016
95040
95041
95042
95043
95060
95066
95080
95083
95084
95085
95086
95100
95101
95102
95103
95120
95140
95141
95142
95144
95146
95147
95149
95151
95152
95153
95160
95161
95162
95163
95164
95169
95171
95172
95173
95174
95176
95180
95185
95200
95202
95203
95230
95243
95244
95245
95246
95250
95255
95258
95259
95261
95262
95267
95268
95270
95272
95273
95274
95276
95280
95281
95285
95300
95320
95342
96000
96004
96012
96016
96020
96024
96028
96032
96036
96039
96041
96042
96043
96044
96060
96080
96100
96120
96130
96140
96141
96181
96183
96200
96240
96300
96320
96340
96360
96379
96381
96382
96400
96401
96420
96440
96441
96460
96480
96500
96520
96521
96540
96560
96580
96600
96620
96621
96640
96645
96660
96680
96700
96720
96740
96760
96762
96763
96764
96780
96800
96820
96840
96860
96880
96881
96882
96883
96900
96901
96902
96904
96906
96910
96937
96938
96939
96941
96943
96944
96945
96947
96948
96949
96960
96961
96962
97000
97005
97015
97021
97026
97029
97040
97041
97042
97043
97060
97061
97062
97063
97064
97065
97080
97100
97101
97104
97105
97108
97120
97140
97141
97143
97144
97145
97146
97148
97150
97151
97152
97153
97154
97155
97156
97157
97158
97159
97163
97164
97165
97167
97181
97183
97185
97187
97188
97189
97190
97200
97201
97204
97205
97206
97207
97218
97219
97220
97222
97223
97224
97225
97226
97227
97229
97230
97231
97232
97233
97234
97235
97236
97237
97238
97239
97241
97244
97245
97246
97251
97261
97263
97267
97268
97271
97272
97273
97274
97275
97276
97277
97278
97281
97285
97286
97287
97300
97303
97304
97320
97340
97341
97342
97343
97345
97360
97380
97381
97382
97383
97384
97385
97386
97387
97389
97391
97392
97396
97398
97400
97409
97410
97412
97420
97421
97440
97441
97443
97460
97461
97465
97469
97472
97474
97480
97481
97483
97501
97521
97561
97562
97563
97564