81001
81002
81007
81012
81016
81019
81023
81030
81060
81127
81133
81141
81145
81148
81151
81155
81166
81187
81209
81237
81249
81251
81288
81303
81327
81329
81338
81345
81411
81427
81435
81453
81488
81511
81531
81540
81544
81557
81563
81565
81576
81587
81604
81612
81616
81626
81711
81715
81723
81729
81737
81771
81782
81791
81796
81809
81817
82005
82010
82015
82020
82025
82030
82050
82060
82071
82095
82105
82107
82192
82200
82210
82215
82244
82253
82304
82349
82356
82367
82374
82377
82384
82412
82540
82560
82564
82580
82646
82649
82683
82684
82690
82694
82697
83005
83010
83020
83021
83022
83023
83024
83034
83037
83039
83044
83052
83059
83094
83101
83103
83105
83130
83207
83218
83251
83252
83253
83254
83255
83385
83392
83397
83425
83473
83476
83495
83500
83555
83560
83563
83570
83572
83574
83580
83590