61000
61003
61015
61018
61020
61021
61036
61040
61050
61060
61061
61070
61080
61090
61100
61110
61111
61120
61130
61140
61141
61142
61150
61160
61170
61171
61172
61180
61181
61182
61190
61191
61200
61203
61204
61210
61220
61230
61231
61240
61242
61250
61260
61270
61280
61300
61301
61310
61311
61312
61331
61400
61410
61420
61430
61433
61434
61440
61450
61460
61470
61472
61500
61510
61520
61522
61530
61538
61540
61541
61542
61550
61551
61560
61562
61581
61582
61591
61594
61601
61610
61611
61612
61650
62000
62001
62024
62028
62032
62040
62046
62050
62070
62080
62090
62091
62092
62093
62095
62097
62098
62100
62110
62111
62115
62120
62121
62130
62140
62142
62143
62144
62162
62170
62171
62172
62177
62188
62191
62193
62194
62195
62220
62222
62230
62241
62242
62250
62270
62271
62276
62285
62288
62290
62292
62295
62302
62306
62310
62312
62313
62314
62320
62330
62340
62342
62343
62344
62350
62353
62355
62360
62362
62364
62366
62377
62391
62392
62393
62394
62395
62396
62400
62401
62402
62403
62404
62405
62406
62407
62408
62409
62411
62412
62413
62414
62415
62416
62418
62419
62420
62428
62429
62431
62432
62433
62434
62437
62440
62441
62442
62444
62447
62448
62449
62451
62452
62455
62456
62457
62458
62459
62460
62462
62463
62480
62481
62490
62510
62515
62520
62530
62540
62550
62552
62560
62570
62572
62580
62584
62590
62592
62593
62594
62595
62596
63000
63005
63010
63015
63020
63040
63050
63053
63054
63055
63060
63062
63063
63065
63070
63080
63090
63091
63092
63100
63110
63111
63120
63121
63150
63160
63170
63180
63190
63200
63202
63205
63210
63220
63230
63232
63233
63234
63240
63250
63260
63268
63270
63280
63281
63290
63291
63310
63320
63321
63322
63323
63324
63330
63331
63337
63340
63341
63350
63351
63352
63353
63354
63361
63370
63380
63383
63390
63400
63410
63411
63412
63420
63422
63424
63430
63433
63440