
93061
93101
93110
93117
93160
93220
93224
93240
93242
93243
93244
93245
93246
93247
93248
93249
93260
93261
93280
93300
93301
93320
93340
93342
93385
93404
93405
93442
93460
93469
93500
93503
93540
93560
93580
93600
93626
93629
93647
93650
93652
93680
93690
93698
93710
93720
93725
93726
93728
93730
93778
94004
94016
94028
94033
94040
94060
94061
94063
94067
94080
94082
94083
94084
94120
94123
94127
94160
94164
94165
94180
94203
94220
94260
94280
94290
94360
94363
94384
94420
94421
94423
94440
95016
95040
95041
95042
95043
95060
95066
95080
95083
95084
95085
95086
95100
95101
95102
95103
95120
95140
95141
95142
95144
95146
95147
95149
95151
95152
95153
95160
95161
95162
95163
95164
95169
95171
95172
95173
95174
95176
95180
95185
95200
95202
95203
95230
95243
95244
95245
95246
95250
95255
95258
95259
95261
95262
95267
95268
95270
95272
95273
95274
95276
95280
95281
95285
95300
95320
95342
96000
96004
96012
96016
96020
96024
96028
96032
96036
96039
96041
96042
96043
96044
96060
96080
96100
96120
96130
96140
96141
96181
96183
96200
96240
96300
96320
96340
96360
96379
96381
96382
96400
96401
96420
96440
96441
96460
96480
96500
96520
96521
96540
96560
96580
96600
96620
96621
96640
96645
96660
96680
96700
96720
96740
96760
96762
96763
96764
96780
96800
96820
96840
96860
96880
96881
96882
96883
96900
96901
96902
96904
96906
96910
96937
96938
96939
96941
96943
96944
96945
96947
96948
96949
96960
96961
96962
97000
97005
97015
97021
97026
97029
97040
97041
97042
97043
97060
97061
97062
97063
97064
97065
97080
97100
97101
97104
97105
97108
97120
97140
97141
97143
97144
97145
97146
97148
97150
97151
97152
97153
97154
97155
97156
97157
97158
97159
97163
97164
97165
97167
97181
97183
97185
97187
97188
97189
97190
97200
97201
97204
97205
97206
97207
97218
97219
97220
97222
97223
97224
97225
97226
97227
97229
97230
97231
97232
97233
97234
97235
97236
97237
97238
97239
97241
97244
97245
97246
97251
97261
97263
97267
97268
97271
97272
97273
97274
97275
97276
97277
97278
97281
97285
97286
97287
97300
97303
97304
97320
97340
97341
97342
97343
97345
97360
97380
97381
97382
97383
97384
97385
97386
97387
97389
97391
97392
97396
97398
97400
97409
97410
97412
97420
97421
97440
97441
97443
97460
97461
97465
97469
97472
97474
97480
97481
97483
97501
97521
97561
97562
97563
97564